1 0.117578 0.240566 0.175781 0.126179
1 0.432031 0.247642 0.164062 0.123821
1 0.429297 0.379422 0.161719 0.116156
1 0.430078 0.502358 0.167969 0.126179
1 0.514844 0.669811 0.104688 0.084906
1 0.217578 0.759729 0.135156 0.094929
1 0.089063 0.827830 0.106250 0.079009
1 0.087109 0.911557 0.107031 0.079009
1 0.227344 0.943691 0.104688 0.080778
1 0.366016 0.939564 0.108594 0.083137
1 0.372266 0.837264 0.108594 0.086085
1 0.621875 0.830189 0.104688 0.080189
1 0.673047 0.686321 0.111719 0.086085
1 0.814063 0.751179 0.112500 0.091981
1 0.273828 0.064564 0.160156 0.127948
1 0.086719 0.066627 0.171875 0.126179
1 0.619922 0.073703 0.161719 0.117925
1 0.918750 0.070165 0.162500 0.119104
0 0.616797 0.244988 0.149219 0.123231
0 0.793359 0.241156 0.177344 0.130896
0 0.617969 0.403302 0.157812 0.123821
0 0.796094 0.403007 0.175000 0.132665
0 0.164062 0.487913 0.096875 0.063090
0 0.259375 0.488502 0.078125 0.061910
0 0.166016 0.562500 0.100781 0.071934
0 0.264453 0.560436 0.083594 0.067807
0 0.166016 0.637382 0.100781 0.077830
0 0.269141 0.637677 0.100781 0.080778
0 0.616797 0.563384 0.152344 0.119693
0 0.800781 0.561321 0.192188 0.146226
0 0.616797 0.943986 0.144531 0.112028
0 0.802734 0.937500 0.185156 0.125000
