1 0.115625 0.241450 0.171875 0.122052
1 0.084766 0.067217 0.167969 0.119104
1 0.266016 0.067217 0.152344 0.119104
1 0.620703 0.074587 0.160156 0.113797
1 0.919922 0.066038 0.160156 0.125000
1 0.435937 0.246167 0.156250 0.114976
1 0.422656 0.378538 0.164062 0.123821
1 0.426172 0.495873 0.178906 0.128538
1 0.517578 0.670696 0.110156 0.086675
1 0.672266 0.690743 0.107031 0.080778
1 0.813672 0.752064 0.108594 0.087854
1 0.620703 0.835495 0.099219 0.079009
1 0.373828 0.840212 0.124219 0.091981
1 0.219531 0.761203 0.135937 0.091981
1 0.090234 0.823703 0.108594 0.090802
1 0.087109 0.909198 0.107031 0.077830
1 0.228906 0.945165 0.112500 0.083726
1 0.366016 0.938679 0.108594 0.079009
0 0.793750 0.197524 0.182812 0.149764
0 0.587500 0.232606 0.154688 0.113797
0 0.607422 0.402417 0.167969 0.139741
0 0.796875 0.395342 0.170313 0.139741
0 0.610156 0.556899 0.157812 0.129127
0 0.796094 0.556899 0.201563 0.152712
0 0.157422 0.482017 0.091406 0.074882
0 0.251953 0.477889 0.089844 0.071344
0 0.156641 0.553950 0.092969 0.074882
0 0.256641 0.556309 0.091406 0.076061
0 0.154688 0.632665 0.104688 0.073113
0 0.266406 0.637382 0.103125 0.086085
0 0.610156 0.937500 0.154688 0.125000
0 0.794141 0.927182 0.186719 0.119693
