0 0.460547 0.188090 0.091406 0.070755
0 0.578906 0.193986 0.103125 0.084906
0 0.471875 0.271521 0.095312 0.081958
0 0.582422 0.275943 0.107031 0.084906
0 0.461719 0.358491 0.112500 0.074292
0 0.584375 0.370578 0.137500 0.113797
0 0.361719 0.649764 0.198437 0.145047
0 0.562500 0.648290 0.176563 0.139741
0 0.561719 0.510318 0.148438 0.116156
0 0.373047 0.508255 0.178906 0.137972
0 0.182422 0.511792 0.149219 0.116745
0 0.173828 0.651238 0.166406 0.127948
0 0.739844 0.685142 0.078125 0.060142
0 0.745313 0.613208 0.078125 0.060142
0 0.747266 0.550708 0.089844 0.058962
0 0.834766 0.546285 0.089844 0.067807
0 0.747266 0.437500 0.074219 0.057783
0 0.831250 0.435436 0.101562 0.067807
0 0.835938 0.374410 0.076563 0.060142
0 0.748437 0.374410 0.060937 0.054245
0 0.746484 0.311910 0.080469 0.058962
0 0.832812 0.311910 0.078125 0.058962
0 0.860547 0.218455 0.057031 0.050118
0 0.712891 0.169517 0.063281 0.041863
0 0.782422 0.169517 0.064844 0.041863
0 0.716797 0.219634 0.063281 0.050118
0 0.860938 0.165094 0.053125 0.047170
0 0.463281 0.884139 0.093750 0.064269
0 0.586328 0.887087 0.114844 0.073703
0 0.717969 0.917158 0.068750 0.044222
0 0.858203 0.867630 0.047656 0.028892
0 0.860938 0.918632 0.068750 0.047170
0 0.789062 0.919222 0.070312 0.045991
0 0.793359 0.868514 0.055469 0.033019
0 0.114844 0.897111 0.051562 0.038325
0 0.222266 0.895637 0.049219 0.024764
0 0.221484 0.866156 0.055469 0.034198
0 0.119531 0.860259 0.042188 0.031840
0 0.125000 0.344929 0.079687 0.070755
0 0.209766 0.341097 0.089844 0.068986
0 0.304297 0.338443 0.072656 0.054245
0 0.323437 0.283608 0.110937 0.060142
0 0.132031 0.278007 0.070312 0.051297
0 0.217578 0.278892 0.071094 0.053066
0 0.122266 0.207547 0.063281 0.040094
0 0.163281 0.199587 0.050000 0.038325
1 0.117578 0.056604 0.141406 0.080189
1 0.110937 0.115271 0.078125 0.048939
1 0.233594 0.054540 0.103125 0.081958
1 0.366406 0.051002 0.112500 0.068986
1 0.508203 0.055130 0.125781 0.077241
1 0.639844 0.057193 0.103125 0.076651
1 0.778906 0.057488 0.103125 0.081958
1 0.875781 0.052771 0.114062 0.076061
1 0.066016 0.753243 0.125781 0.073703
1 0.240625 0.796580 0.128125 0.084906
1 0.340625 0.888267 0.114062 0.076061
1 0.469922 0.773585 0.117969 0.084906
1 0.646484 0.805719 0.119531 0.086675
1 0.812109 0.795696 0.127344 0.089033
1 0.942578 0.797759 0.114844 0.084906
1 0.938672 0.958432 0.072656 0.048939
1 0.678906 0.968160 0.059375 0.040094
1 0.383203 0.976120 0.066406 0.047759
