0 0.787500 0.201651 0.173437 0.137972
0 0.583594 0.237913 0.139063 0.109080
0 0.591016 0.400059 0.158594 0.120873
0 0.792188 0.395342 0.179688 0.139741
0 0.787500 0.556899 0.200000 0.149175
0 0.599609 0.551002 0.160156 0.120873
0 0.608984 0.933667 0.152344 0.114976
0 0.788672 0.929245 0.186719 0.117925
0 0.150781 0.482901 0.093750 0.073113
0 0.250781 0.482311 0.079687 0.066038
0 0.148047 0.561321 0.102344 0.077830
0 0.256641 0.561321 0.099219 0.066038
0 0.150000 0.637382 0.121875 0.077830
0 0.257422 0.635318 0.100781 0.073703
1 0.114062 0.235554 0.156250 0.110259
1 0.082031 0.066627 0.162500 0.120283
1 0.267969 0.070755 0.156250 0.117925
1 0.428906 0.246462 0.181250 0.126179
1 0.426172 0.382370 0.175781 0.127948
1 0.430078 0.497936 0.160156 0.120873
1 0.520703 0.669222 0.108594 0.083726
1 0.666406 0.685142 0.121875 0.086085
1 0.815625 0.754127 0.112500 0.077830
1 0.623437 0.834611 0.112500 0.083137
1 0.220312 0.761203 0.140625 0.097877
1 0.089844 0.826061 0.104688 0.086085
1 0.085938 0.911557 0.104688 0.079009
1 0.228125 0.941627 0.106250 0.079009
1 0.364063 0.935142 0.112500 0.083726
1 0.375000 0.838149 0.110937 0.079599
1 0.619531 0.073113 0.173437 0.119104
1 0.916016 0.068691 0.167969 0.122052
