1 0.432031 0.247052 0.164062 0.125000
1 0.119531 0.239682 0.171875 0.127948
1 0.089063 0.070165 0.167187 0.119104
1 0.271875 0.068986 0.171875 0.125000
1 0.612891 0.074587 0.171094 0.122052
1 0.918750 0.073998 0.162500 0.120873
1 0.426172 0.380012 0.175781 0.120873
1 0.426953 0.499410 0.177344 0.117925
1 0.516797 0.668337 0.100781 0.076061
1 0.220703 0.756191 0.133594 0.090212
1 0.089063 0.828125 0.098437 0.076061
1 0.083984 0.911262 0.108594 0.081958
1 0.228125 0.943691 0.106250 0.080778
1 0.367188 0.940448 0.110937 0.084906
1 0.373828 0.837559 0.108594 0.080778
1 0.621484 0.833137 0.108594 0.089623
1 0.669531 0.687795 0.104688 0.086675
1 0.812891 0.751179 0.110156 0.083726
0 0.614062 0.252358 0.146875 0.117925
0 0.796875 0.252358 0.181250 0.137972
0 0.616016 0.410967 0.150781 0.116745
0 0.801953 0.414505 0.186719 0.143868
0 0.164453 0.495283 0.100781 0.071934
0 0.266406 0.497936 0.079687 0.063090
0 0.165234 0.570165 0.094531 0.066038
0 0.164453 0.646226 0.108594 0.080189
0 0.266406 0.648290 0.087500 0.079599
0 0.263281 0.572818 0.093750 0.077241
0 0.616797 0.569870 0.167969 0.126769
0 0.792969 0.571344 0.207813 0.155660
0 0.621484 0.946050 0.153906 0.102005
0 0.797656 0.942512 0.182812 0.114976
