1 0.347266 0.155955 0.185156 0.114976
1 0.107031 0.295991 0.150000 0.090802
1 0.101562 0.418042 0.139063 0.099057
1 0.103516 0.558962 0.150781 0.084906
1 0.093750 0.651238 0.139063 0.087854
1 0.341406 0.796285 0.139063 0.102005
1 0.500781 0.799233 0.129688 0.099646
1 0.627344 0.790684 0.128125 0.099057
1 0.773047 0.803066 0.133594 0.091981
1 0.705078 0.146226 0.142969 0.099057
1 0.142578 0.083137 0.186719 0.119104
1 0.321484 0.044222 0.075781 0.047170
1 0.929297 0.152123 0.133594 0.093160
1 0.921484 0.272995 0.125781 0.090802
1 0.930469 0.400354 0.139063 0.097877
1 0.930469 0.508550 0.139063 0.081958
1 0.933203 0.634139 0.133594 0.102005
1 0.920703 0.762677 0.132031 0.103184
0 0.323437 0.351415 0.285938 0.229953
0 0.681641 0.350531 0.353906 0.257665
0 0.332813 0.608785 0.296875 0.232901
0 0.679688 0.610849 0.346875 0.257075
