1 0.351172 0.155955 0.185156 0.100825
1 0.106250 0.295991 0.129688 0.093160
1 0.096875 0.413915 0.114062 0.073113
1 0.105078 0.559257 0.135156 0.093750
1 0.095703 0.650943 0.146094 0.104953
1 0.100391 0.762087 0.133594 0.102005
1 0.128906 0.872052 0.129688 0.103774
1 0.334766 0.796580 0.144531 0.099057
1 0.502344 0.796875 0.140625 0.094929
1 0.632812 0.790094 0.139063 0.103774
1 0.770312 0.803066 0.123438 0.097877
1 0.926562 0.770047 0.123438 0.097877
1 0.935156 0.638267 0.129688 0.133844
1 0.935156 0.514446 0.129688 0.113797
1 0.935156 0.405955 0.129688 0.100825
1 0.933984 0.274469 0.132031 0.093750
1 0.932422 0.164210 0.135156 0.120873
1 0.931250 0.056014 0.137500 0.084906
1 0.712891 0.141215 0.124219 0.089033
1 0.564453 0.064269 0.100781 0.053066
1 0.324609 0.042748 0.082031 0.050118
1 0.140625 0.077241 0.182812 0.116745
