1 0.273047 0.069281 0.161719 0.114976
1 0.081250 0.066627 0.160938 0.120283
1 0.112891 0.241450 0.169531 0.119693
1 0.432031 0.244988 0.153125 0.120873
1 0.421484 0.377064 0.150781 0.120873
1 0.430078 0.500295 0.160156 0.119693
1 0.514062 0.669811 0.095312 0.093160
1 0.669922 0.687795 0.099219 0.080778
1 0.812891 0.750590 0.099219 0.079009
1 0.620703 0.831663 0.107031 0.077241
1 0.374609 0.838738 0.099219 0.074882
1 0.215625 0.759139 0.131250 0.087854
1 0.088281 0.825767 0.096875 0.083137
1 0.091797 0.912736 0.100781 0.079009
1 0.235937 0.945165 0.103125 0.080189
1 0.364453 0.935731 0.116406 0.079009
1 0.621875 0.073113 0.173437 0.110849
1 0.920703 0.070755 0.158594 0.117925
0 0.587500 0.235554 0.157812 0.113797
0 0.792969 0.198113 0.162500 0.139151
0 0.596094 0.402417 0.164062 0.125590
0 0.796094 0.397995 0.182812 0.142689
0 0.603516 0.556309 0.160156 0.125590
0 0.794141 0.559257 0.186719 0.142099
0 0.610938 0.937500 0.140625 0.119104
0 0.791406 0.932488 0.192188 0.135024
0 0.153906 0.483491 0.103125 0.071934
0 0.253906 0.482017 0.101562 0.068986
0 0.155469 0.559257 0.103125 0.067807
0 0.251953 0.558962 0.105469 0.064858
0 0.153125 0.634729 0.112500 0.077241
0 0.257031 0.628833 0.095312 0.077241
