1 0.272266 0.068691 0.152344 0.116156
1 0.085156 0.067217 0.159375 0.119104
1 0.618750 0.073113 0.159375 0.116745
1 0.917969 0.070755 0.164062 0.117925
1 0.117578 0.239092 0.175781 0.120873
1 0.429297 0.244988 0.158594 0.123231
1 0.427344 0.380896 0.162500 0.119104
1 0.426172 0.501769 0.175781 0.119104
1 0.516016 0.666274 0.110156 0.083726
1 0.673047 0.690743 0.105469 0.080778
1 0.812891 0.753243 0.117969 0.081958
1 0.621484 0.836675 0.097656 0.087264
1 0.375781 0.838149 0.101562 0.084316
1 0.217578 0.754717 0.132031 0.087264
1 0.091016 0.828715 0.091406 0.083137
1 0.087891 0.913620 0.092969 0.086675
1 0.228125 0.942217 0.106250 0.086085
1 0.365234 0.939564 0.107031 0.080778
1 0.605469 0.572229 0.171875 0.127948
1 0.590234 0.413915 0.167969 0.130896
1 0.792969 0.414505 0.181250 0.137972
1 0.798047 0.574882 0.202344 0.150943
1 0.792969 0.257665 0.200000 0.137972
1 0.591016 0.254127 0.158594 0.116745
1 0.250781 0.503833 0.087500 0.060731
1 0.155469 0.499410 0.095312 0.071934
1 0.155859 0.573998 0.091406 0.068986
1 0.255078 0.574882 0.099219 0.067217
1 0.260547 0.650649 0.107031 0.068986
1 0.153906 0.646816 0.103125 0.079009
1 0.608203 0.944575 0.153906 0.110849
1 0.792969 0.942512 0.192188 0.114976
