1 0.474219 0.774175 0.121875 0.074292
1 0.644531 0.797759 0.123438 0.079009
1 0.813281 0.791274 0.121875 0.083726
1 0.944531 0.797170 0.106250 0.071934
1 0.062891 0.758844 0.124219 0.084906
1 0.038281 0.928950 0.043750 0.061910
1 0.035937 0.856722 0.060937 0.047170
1 0.338672 0.886203 0.110156 0.077830
1 0.382422 0.973467 0.072656 0.053066
1 0.675000 0.968160 0.059375 0.045991
1 0.233594 0.794222 0.114062 0.086085
1 0.057422 0.414505 0.089844 0.066038
1 0.214062 0.411557 0.104688 0.071934
1 0.328906 0.405955 0.087500 0.060731
1 0.380469 0.346403 0.068750 0.047759
1 0.380469 0.250000 0.071875 0.058962
1 0.298438 0.226415 0.079687 0.051887
1 0.332813 0.174528 0.079687 0.054245
1 0.238281 0.055130 0.112500 0.077241
1 0.096484 0.055719 0.110156 0.073703
1 0.114062 0.116745 0.068750 0.045991
1 0.369141 0.051592 0.122656 0.070165
1 0.506250 0.056309 0.110937 0.074882
1 0.649219 0.058667 0.110937 0.070165
1 0.826172 0.048644 0.221094 0.061910
1 0.671094 0.477889 0.054688 0.046580
1 0.672266 0.543337 0.057031 0.047759
0 0.574219 0.185142 0.104688 0.084906
0 0.460547 0.188090 0.091406 0.073113
0 0.102344 0.198113 0.042188 0.038915
0 0.155469 0.198113 0.053125 0.038915
0 0.215625 0.162441 0.043750 0.030071
0 0.714844 0.168042 0.059375 0.044811
0 0.783594 0.168042 0.067187 0.050708
0 0.852344 0.169517 0.051562 0.041863
0 0.852344 0.219929 0.043750 0.038915
0 0.778516 0.217866 0.064844 0.048939
0 0.713281 0.217571 0.059375 0.040094
0 0.582812 0.366450 0.129688 0.084316
0 0.585547 0.278892 0.116406 0.079009
0 0.467969 0.274469 0.087500 0.067807
0 0.300391 0.279481 0.064844 0.051887
0 0.212891 0.282429 0.075781 0.045991
0 0.132031 0.278892 0.062500 0.053066
0 0.747266 0.310436 0.082031 0.056014
0 0.845313 0.313974 0.079687 0.060731
0 0.755859 0.369399 0.072656 0.061910
0 0.837109 0.375884 0.074219 0.054835
0 0.742578 0.436321 0.075781 0.057783
0 0.741406 0.546875 0.070312 0.057193
0 0.554688 0.508844 0.146875 0.119104
0 0.365234 0.506781 0.186719 0.140920
0 0.178516 0.518868 0.149219 0.113208
0 0.176563 0.649175 0.164062 0.123821
0 0.358594 0.650649 0.192188 0.146816
0 0.557813 0.646226 0.179688 0.135613
0 0.735156 0.684257 0.087500 0.064269
0 0.741406 0.615861 0.078125 0.063090
0 0.828516 0.612913 0.083594 0.063090
0 0.833984 0.685731 0.091406 0.073113
0 0.776953 0.922465 0.067969 0.063090
0 0.581641 0.893573 0.108594 0.077241
0 0.464453 0.885613 0.088281 0.064858
0 0.217578 0.902123 0.050781 0.034198
0 0.212891 0.862618 0.046094 0.027123
0 0.307031 0.977594 0.070312 0.044811
0 0.226953 0.977005 0.074219 0.045991
0 0.708984 0.865566 0.055469 0.047170
0 0.781641 0.864092 0.063281 0.050118
0 0.851172 0.872052 0.041406 0.037736
0 0.707422 0.920991 0.063281 0.051887
0 0.779687 0.923054 0.062500 0.053656
1 0.937891 0.958137 0.063281 0.051887
