1 0.476562 0.068691 0.242188 0.136203
1 0.145313 0.063679 0.223438 0.126179
1 0.130078 0.730837 0.230469 0.166863
1 0.464453 0.754127 0.232031 0.163915
1 0.776953 0.761792 0.255469 0.162736
1 0.862891 0.073113 0.274219 0.139151
0 0.394141 0.230542 0.194531 0.152123
0 0.622656 0.229068 0.228125 0.178656
0 0.394922 0.403007 0.192969 0.146816
0 0.621875 0.402417 0.226562 0.171580
0 0.392969 0.577241 0.200000 0.155660
0 0.620703 0.581368 0.239844 0.183962
0 0.399609 0.925118 0.186719 0.143868
0 0.626563 0.913031 0.225000 0.159788
2 0.890234 0.277417 0.219531 0.219929
2 0.079297 0.251474 0.157031 0.260024
2 0.082812 0.513267 0.164062 0.260024
2 0.075391 0.907134 0.149219 0.185731
2 0.890234 0.933667 0.219531 0.132665
2 0.878125 0.537441 0.243750 0.265920
