0 0.385937 0.239976 0.182812 0.150943
0 0.610938 0.242630 0.225000 0.173939
0 0.389844 0.415094 0.190625 0.150943
0 0.614844 0.413915 0.232813 0.168632
0 0.386328 0.589917 0.194531 0.152712
0 0.613672 0.589328 0.238281 0.182193
0 0.390234 0.931014 0.186719 0.137972
0 0.614844 0.926002 0.228125 0.147995
1 0.142187 0.067512 0.225000 0.127948
1 0.480469 0.068691 0.226562 0.136203
1 0.861719 0.074587 0.276562 0.147995
1 0.129688 0.730248 0.234375 0.162146
1 0.464453 0.756191 0.232031 0.165684
1 0.776563 0.762972 0.251563 0.162736
2 0.081250 0.915094 0.156250 0.169811
2 0.894922 0.938090 0.210156 0.123821
2 0.078125 0.259139 0.154688 0.252948
2 0.082812 0.521816 0.164062 0.254717
2 0.893359 0.290094 0.213281 0.222877
2 0.880859 0.545991 0.238281 0.248821
