0 0.682422 0.362618 0.344531 0.261792
0 0.673047 0.624705 0.349219 0.258844
0 0.324219 0.627358 0.284375 0.221698
0 0.337891 0.360849 0.291406 0.222877
1 0.925391 0.150059 0.117969 0.089033
1 0.919922 0.275943 0.125781 0.090802
1 0.931250 0.404481 0.118750 0.106132
1 0.929297 0.510024 0.128906 0.110849
1 0.921484 0.625295 0.117969 0.096108
1 0.923438 0.769752 0.121875 0.120873
1 0.341406 0.798644 0.154688 0.100825
1 0.108203 0.301002 0.125781 0.094929
1 0.108984 0.422759 0.146094 0.104953
1 0.101562 0.556899 0.139063 0.094929
1 0.097656 0.654186 0.131250 0.096108
1 0.108203 0.760318 0.144531 0.096108
1 0.129297 0.871757 0.133594 0.094929
1 0.351172 0.156545 0.185156 0.119693
1 0.709375 0.140035 0.146875 0.103184
1 0.553906 0.059552 0.087500 0.051887
1 0.131641 0.077535 0.196094 0.122052
