1 0.112891 0.120578 0.066406 0.044222
1 0.098437 0.052182 0.106250 0.077241
1 0.232813 0.052476 0.112500 0.071934
1 0.367578 0.046875 0.113281 0.073703
1 0.504297 0.053066 0.117969 0.084906
1 0.646484 0.056014 0.119531 0.084906
1 0.823438 0.049233 0.226562 0.083137
1 0.945703 0.798644 0.108594 0.080778
1 0.816016 0.792748 0.127344 0.086675
1 0.642578 0.800708 0.127344 0.084906
1 0.476953 0.776533 0.135156 0.084906
1 0.235937 0.795106 0.121875 0.081958
1 0.063281 0.755012 0.115625 0.081958
1 0.034766 0.859080 0.063281 0.054245
1 0.041406 0.924528 0.068750 0.047170
1 0.340625 0.890625 0.129688 0.092571
1 0.376563 0.974941 0.068750 0.050118
1 0.676953 0.971108 0.058594 0.045991
1 0.938672 0.956073 0.072656 0.050118
1 0.055469 0.416568 0.093750 0.076061
1 0.216797 0.412441 0.107031 0.073703
1 0.330859 0.409788 0.091406 0.058962
1 0.375781 0.346403 0.059375 0.044222
1 0.376953 0.247642 0.072656 0.051887
1 0.300391 0.224646 0.072656 0.051887
1 0.326562 0.174528 0.078125 0.045991
1 0.669141 0.477005 0.055469 0.053066
1 0.676953 0.545991 0.058594 0.053066
0 0.585156 0.186910 0.120313 0.084906
0 0.469922 0.188974 0.091406 0.083137
0 0.463672 0.273585 0.089844 0.080189
0 0.581641 0.270637 0.108594 0.086085
0 0.585547 0.362618 0.124219 0.091981
0 0.460547 0.359375 0.091406 0.081958
0 0.377344 0.507370 0.173437 0.139741
0 0.563672 0.512972 0.152344 0.130896
0 0.185156 0.508844 0.154688 0.113208
0 0.115625 0.199587 0.050000 0.030071
0 0.167969 0.193101 0.051562 0.034788
0 0.221484 0.158608 0.050781 0.025943
0 0.222266 0.197524 0.046094 0.031840
0 0.138672 0.278007 0.072656 0.048939
0 0.216797 0.275059 0.072656 0.043042
0 0.213672 0.338443 0.089844 0.063679
0 0.128906 0.339033 0.076563 0.053066
0 0.721484 0.215507 0.064844 0.041863
0 0.714844 0.167158 0.059375 0.043042
0 0.785547 0.166568 0.066406 0.044222
0 0.861719 0.167453 0.070312 0.045991
0 0.861719 0.216097 0.070312 0.037146
0 0.755859 0.311616 0.083594 0.050118
0 0.844531 0.310436 0.085938 0.044222
0 0.753906 0.375884 0.079687 0.048939
0 0.838672 0.372052 0.074219 0.053066
0 0.837891 0.439858 0.083594 0.064858
0 0.757812 0.438384 0.068750 0.056014
0 0.745313 0.545401 0.078125 0.051887
0 0.748047 0.679835 0.083594 0.064858
0 0.566406 0.646816 0.173437 0.125000
0 0.371875 0.645932 0.184375 0.140920
0 0.183203 0.648290 0.169531 0.122052
0 0.839844 0.544811 0.084375 0.058962
0 0.846484 0.613797 0.092969 0.073113
0 0.750000 0.609670 0.068750 0.058962
0 0.859766 0.868219 0.058594 0.047759
0 0.718750 0.915979 0.062500 0.041863
0 0.789453 0.917158 0.066406 0.050118
0 0.584375 0.886203 0.114062 0.083726
0 0.467187 0.889741 0.089063 0.073113
0 0.472656 0.969634 0.104688 0.060731
0 0.585547 0.964623 0.108594 0.070755
0 0.220312 0.974057 0.079687 0.051887
0 0.139453 0.975531 0.074219 0.048939
0 0.224219 0.896226 0.050000 0.040094
0 0.221484 0.859670 0.058594 0.033019
0 0.119531 0.861144 0.045312 0.035967
0 0.114453 0.899175 0.047656 0.040094
0 0.169922 0.859080 0.039844 0.031840
0 0.169141 0.899175 0.057031 0.040094
