2 0.080078 0.515035 0.158594 0.258844
2 0.075391 0.250000 0.149219 0.254717
2 0.078125 0.910672 0.154688 0.178656
2 0.892188 0.933078 0.215625 0.133844
2 0.894141 0.274469 0.211719 0.211675
2 0.878125 0.536851 0.243750 0.256486
0 0.387109 0.232017 0.196094 0.152712
0 0.612891 0.232901 0.228906 0.176887
0 0.389844 0.403892 0.198437 0.159198
0 0.614062 0.406840 0.234375 0.176887
0 0.388281 0.579304 0.206250 0.159788
0 0.616016 0.580189 0.249219 0.189858
0 0.393750 0.927182 0.190625 0.139741
0 0.617578 0.923054 0.230469 0.153892
1 0.143359 0.066038 0.222656 0.130896
1 0.476953 0.068101 0.238281 0.135024
1 0.866406 0.073113 0.267188 0.145047
1 0.779687 0.759729 0.260937 0.172759
1 0.469141 0.752358 0.238281 0.163915
1 0.132812 0.731132 0.235937 0.163915
