0 0.612891 0.247052 0.152344 0.119104
0 0.800000 0.246167 0.182812 0.135024
0 0.799609 0.404481 0.178906 0.137972
0 0.617969 0.405955 0.154688 0.126769
0 0.616797 0.562795 0.160156 0.123231
0 0.796094 0.560436 0.206250 0.153892
0 0.162500 0.486733 0.093750 0.074882
0 0.261328 0.485849 0.092969 0.070755
0 0.165234 0.558667 0.099219 0.068986
0 0.261328 0.563384 0.082031 0.067807
0 0.163281 0.638267 0.110937 0.081958
0 0.267188 0.633255 0.096875 0.074292
0 0.614062 0.941627 0.157812 0.116745
0 0.797656 0.937500 0.182812 0.125000
1 0.616797 0.074587 0.171094 0.122052
1 0.917188 0.067512 0.165625 0.122052
1 0.273828 0.069281 0.163281 0.120873
1 0.085156 0.066038 0.167187 0.119104
1 0.113672 0.238502 0.167969 0.122052
1 0.433984 0.249116 0.163281 0.120873
1 0.424219 0.385908 0.164062 0.114976
1 0.429297 0.500884 0.169531 0.114976
1 0.516797 0.668337 0.097656 0.087854
1 0.669141 0.686321 0.116406 0.086085
1 0.808984 0.751769 0.099219 0.079009
1 0.619531 0.831663 0.112500 0.077241
1 0.372266 0.836969 0.116406 0.081958
1 0.220312 0.759139 0.140625 0.096108
1 0.089063 0.822229 0.103125 0.081958
1 0.085156 0.913620 0.106250 0.080778
1 0.226172 0.942512 0.117969 0.083137
1 0.364063 0.940153 0.112500 0.087854
