1 0.135547 0.078125 0.188281 0.114976
1 0.100391 0.295991 0.125781 0.087264
1 0.353906 0.155660 0.193750 0.106132
1 0.326172 0.046285 0.097656 0.048939
1 0.555859 0.062205 0.080469 0.048939
1 0.712109 0.145047 0.149219 0.090802
1 0.930469 0.153597 0.139063 0.096108
1 0.929297 0.272700 0.141406 0.107901
1 0.928516 0.395932 0.142969 0.097288
1 0.931250 0.510908 0.137500 0.094929
1 0.931250 0.626769 0.132812 0.090802
1 0.103516 0.556899 0.142969 0.089033
1 0.099609 0.650354 0.135156 0.091981
1 0.107422 0.757075 0.142969 0.086085
1 0.132812 0.868514 0.148438 0.099057
1 0.344531 0.800118 0.156250 0.097877
1 0.503516 0.802182 0.127344 0.093750
1 0.634766 0.795106 0.135156 0.102005
1 0.769922 0.802771 0.135156 0.106722
1 0.104297 0.417453 0.133594 0.091981
0 0.326562 0.354363 0.295312 0.221698
0 0.671875 0.357901 0.346875 0.262972
0 0.669141 0.620873 0.352344 0.262972
0 0.328125 0.620283 0.295312 0.229953
