2 0.080078 0.250000 0.158594 0.254717
2 0.082031 0.512972 0.162500 0.262972
2 0.082031 0.909493 0.162500 0.181014
2 0.891406 0.928066 0.217188 0.129717
2 0.894922 0.279481 0.210156 0.218160
2 0.882812 0.539210 0.234375 0.265920
1 0.136328 0.068101 0.255469 0.126769
1 0.478906 0.068691 0.226562 0.127948
1 0.860938 0.071639 0.278125 0.142099
1 0.133594 0.731722 0.226562 0.153302
1 0.468359 0.752653 0.247656 0.166863
1 0.779687 0.762677 0.260937 0.166863
1 0.400391 0.231427 0.196094 0.159788
1 0.634766 0.229068 0.230469 0.175118
1 0.404297 0.405366 0.211719 0.153892
1 0.633203 0.403892 0.230469 0.170991
1 0.401562 0.579304 0.201563 0.153892
1 0.633203 0.581663 0.246094 0.186910
1 0.407422 0.923644 0.205469 0.152712
1 0.637891 0.919517 0.221094 0.160967
