2 0.074609 0.251474 0.147656 0.254127
2 0.891406 0.273585 0.217188 0.209906
2 0.894141 0.932488 0.211719 0.135024
2 0.082812 0.909493 0.164062 0.181014
0 0.392969 0.234080 0.192188 0.148585
0 0.614844 0.228184 0.225000 0.170991
0 0.396875 0.403892 0.192188 0.148585
0 0.619922 0.404481 0.230469 0.163915
0 0.621484 0.581958 0.238281 0.176887
0 0.391797 0.581368 0.194531 0.149764
0 0.396875 0.924528 0.192188 0.150943
0 0.622656 0.914210 0.225000 0.159788
2 0.878906 0.534788 0.242188 0.254717
1 0.130859 0.732606 0.239844 0.166863
1 0.463672 0.752358 0.238281 0.163915
1 0.778906 0.764741 0.259375 0.165094
1 0.480469 0.070165 0.234375 0.133255
1 0.142187 0.066627 0.235937 0.132075
1 0.862891 0.070165 0.274219 0.139151
