1 0.143359 0.068101 0.230469 0.123231
1 0.129688 0.731722 0.242188 0.159198
1 0.471094 0.757665 0.245312 0.165094
1 0.775781 0.761203 0.260937 0.161557
1 0.862891 0.071050 0.274219 0.140920
1 0.482422 0.066627 0.230469 0.132075
0 0.392969 0.232017 0.192188 0.146816
0 0.619922 0.229953 0.230469 0.170991
0 0.389453 0.409493 0.203906 0.165684
0 0.617578 0.403597 0.246094 0.179835
0 0.388281 0.581663 0.201563 0.160967
0 0.621484 0.581958 0.238281 0.182783
0 0.396875 0.928066 0.192188 0.143868
0 0.623437 0.923054 0.234375 0.153892
2 0.078125 0.254127 0.154688 0.254717
2 0.076172 0.512972 0.150781 0.268868
2 0.075391 0.910672 0.149219 0.178656
2 0.891406 0.931014 0.217188 0.137972
2 0.876953 0.537441 0.246094 0.260024
2 0.890234 0.272406 0.219531 0.221698
