0 0.387109 0.227005 0.192969 0.145047
0 0.612109 0.221993 0.222656 0.166863
2 0.893359 0.281545 0.213281 0.217571
0 0.389062 0.398880 0.192188 0.146816
0 0.615625 0.400943 0.226562 0.165094
0 0.388281 0.569281 0.209375 0.153892
0 0.620703 0.573703 0.239844 0.182783
0 0.392969 0.917748 0.192188 0.146816
0 0.618750 0.909493 0.228125 0.155071
2 0.077344 0.250884 0.153125 0.252948
2 0.080078 0.519752 0.158594 0.258844
2 0.081641 0.908608 0.160156 0.182783
2 0.893359 0.935142 0.213281 0.129717
1 0.466406 0.751769 0.232813 0.165094
1 0.775781 0.761792 0.253125 0.165094
1 0.130078 0.732606 0.238281 0.166863
1 0.142578 0.068101 0.221094 0.129127
1 0.476562 0.067512 0.226562 0.133844
1 0.861719 0.073113 0.276562 0.142689
