0 0.589453 0.245873 0.150781 0.125000
0 0.790234 0.211085 0.189844 0.142689
0 0.601562 0.408903 0.167187 0.123231
0 0.800781 0.410967 0.184375 0.142689
0 0.614062 0.565153 0.165625 0.127948
0 0.795312 0.570460 0.200000 0.153892
0 0.616797 0.942217 0.160156 0.112028
0 0.797656 0.934552 0.190625 0.130896
0 0.157422 0.645342 0.110156 0.081958
0 0.265234 0.645342 0.089844 0.067807
0 0.255859 0.572818 0.092969 0.074882
0 0.160547 0.567807 0.085156 0.070755
0 0.161328 0.494988 0.107031 0.074882
0 0.262109 0.488502 0.091406 0.067807
1 0.632031 0.077535 0.193750 0.127948
1 0.278516 0.066627 0.177344 0.123821
1 0.116406 0.237913 0.165625 0.140920
1 0.085156 0.066627 0.153125 0.123821
1 0.427344 0.251474 0.162500 0.116156
1 0.428125 0.382370 0.164062 0.127948
1 0.422656 0.502948 0.171875 0.125000
1 0.514844 0.669811 0.093750 0.070755
1 0.671094 0.684847 0.093750 0.074882
1 0.816016 0.752064 0.100781 0.076061
1 0.621875 0.833726 0.104688 0.084906
1 0.373828 0.838149 0.100781 0.087854
1 0.219531 0.758255 0.135937 0.100236
1 0.086328 0.824587 0.100781 0.074882
1 0.086328 0.912146 0.100781 0.080189
1 0.228125 0.947229 0.106250 0.087854
1 0.366016 0.939564 0.108594 0.080778
