15 0.388281 0.225531 0.190625 0.145637
15 0.614844 0.221108 0.232813 0.170991
15 0.391016 0.400354 0.192969 0.158019
15 0.387109 0.571934 0.203906 0.156840
15 0.617578 0.572818 0.246094 0.181014
15 0.389062 0.920106 0.184375 0.142099
15 0.616797 0.910672 0.224219 0.152712
16 0.896094 0.937500 0.207813 0.125000
16 0.080078 0.518868 0.158594 0.260613
16 0.081250 0.256191 0.160938 0.258844
16 0.879687 0.541863 0.240625 0.257075
16 0.893359 0.281545 0.213281 0.214033
17 0.479687 0.067512 0.228125 0.133844
17 0.141406 0.065153 0.223438 0.123231
17 0.861719 0.072524 0.271875 0.143868
17 0.130859 0.732311 0.228906 0.158019
17 0.467187 0.753833 0.234375 0.160967
17 0.777734 0.762087 0.249219 0.159788
16 0.086719 0.913031 0.171875 0.173939
16 0.618750 0.400943 0.225000 0.174528
